0.0
7.12435233161e-05
0.000142487046632
0.000213730569948
0.000284974093264
0.00035621761658
0.000427461139896
0.000498704663212
0.000569948186528
0.000641191709845
0.000712435233161
0.000783678756477
0.000854922279793
0.000926165803109
0.000997409326425
0.00106865284974
0.00113989637306
0.00121113989637
0.00128238341969
0.00135362694301
0.00142487046632
0.00149611398964
0.00156735751295
0.00163860103627
0.00170984455959
0.0017810880829
0.00185233160622
0.00192357512953
0.00199481865285
0.00206606217617
0.00213730569948
0.0022085492228
0.00227979274611
0.00235103626943
0.00242227979275
0.00249352331606
0.00256476683938
0.00263601036269
0.00270725388601
0.00277849740933
0.00284974093264
0.00292098445596
0.00299222797927
0.00306347150259
0.00313471502591
0.00320595854922
0.00327720207254
0.00334844559585
0.00341968911917
0.00349093264249
0.0035621761658
0.00363341968912
0.00370466321244
0.00377590673575
0.00384715025907
0.00391839378238
0.0039896373057
0.00406088082902
0.00413212435233
0.00420336787565
0.00427461139896
0.00434585492228
0.0044170984456
0.00448834196891
0.00455958549223
0.00463082901554
0.00470207253886
0.00477331606218
0.00484455958549
0.00491580310881
0.00498704663212
0.00505829015544
0.00512953367876
0.00520077720207
0.00527202072539
0.0053432642487
0.00541450777202
0.00548575129534
0.00555699481865
0.00562823834197
0.00569948186528
0.0057707253886
0.00584196891192
0.00591321243523
0.00598445595855
0.00605569948187
0.00612694300518
0.0061981865285
0.00626943005181
0.00634067357513
0.00641191709845
0.00648316062176
0.00655440414508
0.00662564766839
0.00669689119171
0.00676813471503
0.00683937823834
0.00691062176166
0.00698186528497
0.00705310880829
0.00712435233161
0.00719559585492
0.00726683937824
0.00733808290155
0.00740932642487
0.00748056994819
0.0075518134715
0.00762305699482
0.00769430051813
0.00776554404145
0.00783678756477
0.00790803108808
0.0079792746114
0.00805051813472
0.00812176165803
0.00819300518135
0.00826424870466
0.00833549222798
0.0084067357513
0.00847797927461
0.00854922279793
0.00862046632124
0.00869170984456
0.00876295336788
0.00883419689119
0.00890544041451
0.00897668393782
0.00904792746114
0.00911917098446
0.00919041450777
0.00926165803109
0.0093329015544
0.00940414507772
0.00947538860104
0.00954663212435
0.00961787564767
0.00968911917098
0.0097603626943
0.00983160621762
0.00990284974093
0.00997409326425
0.0100453367876
0.0101165803109
0.0101878238342
0.0102590673575
0.0103303108808
0.0104015544041
0.0104727979275
0.0105440414508
0.0106152849741
0.0106865284974
0.0107577720207
0.010829015544
0.0109002590674
0.0109715025907
0.011042746114
0.0111139896373
0.0111852331606
0.0112564766839
0.0113277202073
0.0113989637306
0.0114702072539
0.0115414507772
0.0116126943005
0.0116839378238
0.0117551813472
0.0118264248705
0.0118976683938
0.0119689119171
0.0120401554404
0.0121113989637
0.012182642487
0.0122538860104
0.0123251295337
0.012396373057
0.0124676165803
0.0125388601036
0.0126101036269
0.0126813471503
0.0127525906736
0.0128238341969
0.0128950777202
0.0129663212435
0.0130375647668
0.0131088082902
0.0131800518135
0.0132512953368
0.0133225388601
0.0133937823834
0.0134650259067
0.0135362694301
0.0136075129534
0.0136787564767
0.01375
