0.0
0.000632083556488
0.0012425381666
0.00183210394027
0.00240149566199
0.0029514036574
0.00348249463025
0.00399541247068
0.00449077903588
0.00496919490403
0.00543124010243
0.00587747481072
0.00630844004003
0.00672465828891
0.0071266341768
0.00751485505583
0.00788979160166
0.00825189838414
0.00860161441843
0.00893936369726
0.00926555570496
0.00958058591391
0.00988483626406
0.0101786756259
0.0104624602478
0.0107365341877
0.0110012297306
0.0112568677911
0.0115037583026
0.011742200593
0.0119724837476
0.0121948869599
0.0124096798696
0.0126171228897
0.0128174675224
0.0130109566638
0.0131978248985
0.0133782987839
0.013552597125
0.0137209312397
0.0138835052148
0.0140405161535
0.0141921544146
0.014338603843
0.0144800419928
0.0146166403423
0.0147485645022
0.0148759744163
0.0149990245552
0.0151178641038
0.0152326371423
0.0153434828204
0.0154505355265
0.0155539250504
0.0156537767407
0.0157502116566
0.0158433467151
0.0159332948324
0.0160201650606
0.0161040627206
0.0161850895292
0.0162633437226
0.0163389201754
0.0164119105159
0.016482403237
0.0165504838035
0.0166162347557
0.0166797358093
0.0167410639527
0.0168002935394
0.016857496379
0.0169127418237
0.0169660968525
0.0170176261527
0.0170673921979
0.0171154553241
0.0171618738025
0.0172067039106
0.01725
0.0172932960894
0.0173365921788
0.0173798882682
0.0174231843575
0.0174664804469
0.0175097765363
0.0175530726257
0.0175963687151
0.0176396648045
0.0176829608939
0.0177262569832
0.0177695530726
0.017812849162
0.0178561452514
0.0178994413408
0.0179427374302
0.0179860335196
0.0180293296089
0.0180726256983
0.0181159217877
0.0181592178771
0.0182025139665
0.0182458100559
0.0182891061453
0.0183324022346
0.018375698324
0.0184189944134
0.0184622905028
0.0185055865922
0.0185488826816
0.0185921787709
0.0186354748603
0.0186787709497
0.0187220670391
0.0187653631285
0.0188086592179
0.0188519553073
0.0188952513966
0.018938547486
0.0189818435754
0.0190251396648
0.0190684357542
0.0191117318436
0.019155027933
0.0191983240223
0.0192416201117
0.0192849162011
0.0193282122905
0.0193715083799
0.0194148044693
0.0194581005587
0.019501396648
0.0195446927374
0.0195879888268
0.0196312849162
0.0196745810056
0.019717877095
0.0197611731844
0.0198044692737
0.0198477653631
0.0198910614525
0.0199343575419
0.0199776536313
0.0200209497207
0.0200642458101
0.0201075418994
0.0201508379888
0.0201941340782
0.0202374301676
0.020280726257
0.0203240223464
0.0203673184358
0.0204106145251
0.0204539106145
0.0204972067039
0.0205405027933
0.0205837988827
0.0206270949721
0.0206703910615
0.0207136871508
0.0207569832402
0.0208002793296
0.020843575419
0.0208868715084
0.0209301675978
0.0209734636872
0.0210167597765
0.0210600558659
0.0211033519553
0.0211466480447
0.0211899441341
0.0212332402235
0.0212765363128
0.0213198324022
0.0213631284916
0.021406424581
0.0214497206704
0.0214930167598
0.0215363128492
0.0215796089385
0.0216229050279
0.0216662011173
0.0217094972067
0.0217527932961
0.0217960893855
0.0218393854749
0.0218826815642
0.0219259776536
0.021969273743
0.0220125698324
0.0220558659218
0.0220991620112
0.0221424581006
0.0221857541899
0.0222290502793
0.0222723463687
0.0223156424581
0.0223589385475
0.0224022346369
0.0224455307263
0.0224888268156
0.022532122905
0.0225754189944
0.0226187150838
0.0226620111732
0.0227053072626
0.022748603352
0.0227918994413
0.0228351955307
0.0228784916201
0.0229217877095
0.0229650837989
0.0230083798883
0.0230516759777
0.023094972067
0.0231382681564
0.0231815642458
0.0232248603352
0.0232681564246
0.023311452514
0.0233547486034
0.0233980446927
0.0234413407821
0.0234846368715
0.0235279329609
0.0235712290503
0.0236145251397
0.0236578212291
0.0237011173184
0.0237444134078
0.0237877094972
0.0238310055866
0.023874301676
0.0239175977654
0.0239608938547
0.0240041899441
0.0240474860335
0.0240907821229
0.0241340782123
0.0241773743017
0.0242206703911
0.0242639664804
0.0243072625698
0.0243505586592
0.0243938547486
0.024437150838
0.0244804469274
0.0245237430168
0.0245670391061
0.0246103351955
0.0246536312849
0.0246969273743
0.0247402234637
0.0247835195531
0.0248268156425
0.0248701117318
0.0249134078212
0.0249567039106
0.025
