0.0
0.00027902758819447083
0.0005375445157134765
0.0007770584729042914
0.0009989663233485762
0.0012045622504768324
0.0013950453053444205
0.001571526399588344
0.0017350347843482535
0.0018865240529372326
0.002026877702270393
0.0021569142854859576
0.002277392185809304
0.002389014039501511
0.002492430833687374
0.002588245702961739
0.002677017446916249
0.0027592637891009843
0.0028354643964275104
0.0029060636766227227
0.0029714733700484473
0.00303207495100249
0.0030882218525057005
0.003140241527550184
0.003188437358830008
0.003233090428092108
0.0032744611554263742
0.003312790818055387
0.003348302957481494
0.0033812046831978243
0.003411687880566576
0.0034399303299090145
0.003468172779251453
0.0034964152285938918
0.0035246576779363304
0.003552900127278769
0.0035811425766212076
0.0036093850259636463
0.003637627475306085
0.0036658699246485235
0.003694112373990962
0.003722354823333401
0.0037505972726758394
0.003778839722018278
0.0038070821713607167
0.0038353246207031553
0.003863567070045594
0.0038918095193880326
0.003920051968730471
0.003948294418072909
0.003976536867415348
0.004004779316757787
0.004033021766100225
0.004061264215442664
0.0040895066647851025
0.004117749114127541
0.00414599156346998
0.004174234012812418
0.004202476462154857
0.004230718911497296
0.004258961360839734
0.004287203810182173
0.0043154462595246116
0.00434368870886705
0.004371931158209489
0.0044001736075519274
0.004428416056894366
0.004456658506236805
0.004484900955579243
0.004513143404921682
0.004541385854264121
0.004569628303606559
0.004597870752948998
0.0046261132022914365
0.004654355651633875
0.004682598100976314
0.004710840550318752
0.004739082999661191
0.00476732544900363
0.004795567898346068
0.004823810347688507
0.0048520527970309455
0.004880295246373384
0.004908537695715823
0.004936780145058261
0.0049650225944007
0.004993265043743139
0.005021507493085577
0.005049749942428016
0.0050779923917704545
0.005106234841112893
0.005134477290455332
0.00516271973979777
0.005190962189140209
0.005219204638482648
0.005247447087825086
0.005275689537167525
0.005303931986509964
0.005332174435852402
0.005360416885194841
0.0053886593345372795
0.005416901783879718
0.005445144233222157
0.005473386682564595
0.005501629131907034
0.005529871581249473
0.005558114030591911
0.00558635647993435
0.0056145989292767885
0.005642841378619227
0.005671083827961666
0.005699326277304104
0.005727568726646543
0.005755811175988982
0.00578405362533142
0.005812296074673859
0.0058405385240162975
0.005868780973358736
0.005897023422701175
0.005925265872043613
0.005953508321386052
0.005981750770728491
0.006009993220070929
0.006038235669413368
0.0060664781187558066
0.006094720568098245
0.006122963017440684
0.0061512054667831224
0.006179447916125561
0.006207690365468
0.006235932814810438
0.006264175264152877
0.006292417713495316
0.006320660162837754
0.006348902612180193
0.0063771450615226315
0.00640538751086507
0.006433629960207509
0.006461872409549947
0.006490114858892386
0.006518357308234825
0.006546599757577263
0.006574842206919702
0.0066030846562621405
0.006631327105604579
0.006659569554947018
0.006687812004289456
0.006716054453631895
0.006744296902974334
0.006772539352316772
0.006800781801659211
0.0068290242510016495
0.006857266700344088
0.006885509149686527
0.006913751599028965
0.006941994048371404
0.006970236497713843
0.006998478947056281
0.00702672139639872
0.0070549638457411586
0.007083206295083597
0.007111448744426036
0.0071396911937684744
0.007167933643110913
0.007196176092453352
0.00722441854179579
0.007252660991138229
0.007280903440480668
0.007309145889823106
0.007337388339165545
0.0073656307885079835
0.007393873237850422
0.007422115687192861
0.007450358136535299
0.007478600585877738
0.007506843035220177
0.007535085484562615
0.007563327933905054
0.0075915703832474925
0.007619812832589931
0.00764805528193237
0.007676297731274808
0.007704540180617247
0.007732782629959686
0.007761025079302124
0.007789267528644563
0.007817509977987
0.007845752427329438
0.007873994876671876
0.007902237326014314
0.007930479775356752
0.00795872222469919
0.007986964674041627
0.008015207123384065
0.008043449572726503
0.00807169202206894
0.008099934471411378
0.008128176920753816
0.008156419370096254
0.008184661819438692
0.00821290426878113
0.008241146718123567
0.008269389167466005
0.008297631616808443
0.00832587406615088
0.008354116515493318
0.008382358964835756
0.008410601414178194
0.008438843863520631
0.00846708631286307
0.008495328762205507
0.008523571211547945
0.008551813660890382
0.00858005611023282
0.008608298559575258
0.008636541008917696
0.008664783458260134
0.008693025907602571
0.008721268356945009
0.008749510806287447
0.008777753255629885
0.008805995704972322
0.00883423815431476
0.008862480603657198
0.008890723052999636
0.008918965502342073
0.008947207951684511
0.008975450401026949
0.009003692850369387
0.009031935299711824
0.009060177749054262
0.0090884201983967
0.009116662647739138
0.009144905097081575
0.009173147546424013
0.009201389995766451
0.009233007509190313
0.009268403417774133
0.009308029251965399
0.009352390501561109
0.009402053064024628
0.009457650463397289
0.009519891931893279
0.00958957145727126
0.009667577911396195
0.009754906389197052
0.009852670902666678
0.009962118591835708
0.010084645634003846
0.01022181505417577
0.010375376663901746
0.01054728938287422
0.01073974622802742
0.010955202288915234
0.011196406046237253
0.011466434433030012
