5.24903
5.19984
5.36645
0.830095
0.248007
0.149976
0.930366
0.588645
0.688203
0.600509
0.918083
0.911392
0.91426
1.12901
0.818567
0.813834
1.17412
1.16909
1.07192
1.06833
1.06833
1.04732
1.03812
1.33613
1.42497
1.33232
1.26278
1.15073
1.20092
1.19044
1.501
1.49675
0.94248
1.00051
1.32461
0.990276
1.4125
1.4125
2.08191
1.25131
1.24518
1.86688
1.90032
1.23886
0.742907
1.48238
1.48238
1.78344
1.77984
1.78831
1.71108
1.6331
1.6331
1.714
1.82613
1.66909
1.25617
1.27763
1.61081
1.77616
1.63385
2.01417
1.5242
1.5451
1.53978
